0 12 2
0 15 79
0 21 67
0 22 90
0 23 22
0 27 47
0 28 19
0 34 68
0 36 95
0 39 33
0 40 91
0 42 39
0 43 19
0 45 9
0 47 37
0 57 56
0 60 93
0 64 93
0 71 63
0 74 56
0 90 76
0 91 27
0 92 32
0 93 38
1 3 28
1 5 81
1 6 35
1 8 19
1 12 45
1 23 18
1 31 61
1 34 0
1 37 97
1 39 81
1 40 90
1 42 71
1 44 28
1 45 61
1 60 39
1 62 76
1 64 95
1 71 82
1 76 67
1 82 14
1 90 91
1 92 56
1 95 22
2 7 84
2 16 49
2 24 85
2 27 92
2 28 78
2 33 64
2 35 24
2 36 16
2 43 93
2 44 5
2 49 4
2 50 12
2 51 3
2 52 22
2 60 26
2 67 3
2 69 71
2 70 7
2 75 93
2 76 42
2 77 87
2 90 7
2 92 33
2 93 63
2 94 2
2 98 15
3 20 83
3 27 68
3 35 58
3 38 39
3 48 42
3 53 94
3 61 89
3 65 79
3 67 86
3 71 67
3 81 44
3 83 62
3 87 35
3 89 37
3 92 20
3 94 39
4 1 1
4 2 23
4 5 61
4 6 79
4 7 26
4 8 84
4 9 86
4 14 71
4 15 78
4 25 26
4 29 78
4 32 11
4 34 89
4 43 32
4 44 78
4 45 72
4 47 0
4 51 36
4 53 12
4 55 42
4 63 30
4 66 53
4 68 22
4 71 68
4 76 72
4 78 18
4 82 31
4 85 7
4 87 55
4 89 51
4 99 99
5 2 8
5 13 74
5 14 12
5 15 88
5 17 52
5 19 97
5 21 26
5 24 23
5 25 75
5 27 52
5 32 2
5 35 39
5 36 42
5 42 34
5 44 17
5 51 66
5 52 87
5 55 6
5 57 30
5 59 81
5 65 88
5 66 35
5 70 55
5 71 57
5 76 59
5 78 73
5 84 88
5 85 19
5 89 80
5 98 91
5 99 18
6 5 89
6 8 17
6 9 30
6 15 29
6 18 69
6 22 79
6 23 55
6 25 92
6 32 7
6 35 8
6 54 46
6 59 46
6 69 2
6 70 33
6 75 15
6 80 20
6 86 20
6 92 73
6 95 51
6 96 1
6 98 62
6 99 38
7 1 9
7 3 19
7 6 98
7 18 82
7 19 59
7 21 17
7 23 63
7 24 50
7 25 35
7 27 4
7 28 19
7 32 17
7 47 33
7 49 88
7 52 49
7 54 88
7 61 32
7 65 56
7 66 48
7 71 79
7 72 54
7 75 50
7 79 64
7 81 21
7 83 23
7 84 84
7 86 95
7 90 74
7 95 37
7 98 57
8 3 64
8 12 98
8 15 76
8 17 62
8 19 81
8 23 87
8 24 79
8 25 96
8 26 89
8 29 66
8 32 52
8 36 8
8 38 36
8 42 85
8 46 48
8 53 85
8 57 25
8 58 80
8 59 93
8 60 26
8 62 11
8 65 47
8 68 28
8 71 75
8 73 20
8 75 51
8 77 11
8 90 15
8 99 77
9 1 1
9 2 72
9 3 42
9 7 99
9 8 0
9 10 4
9 21 32
9 29 39
9 32 36
9 33 80
9 36 28
9 43 2
9 46 32
9 52 88
9 58 38
9 74 69
9 76 36
9 79 23
9 81 47
9 87 17
9 96 68
10 2 73
10 3 80
10 8 67
10 11 1
10 12 8
10 16 88
10 20 5
10 24 71
10 25 3
10 26 82
10 30 72
10 35 28
10 42 24
10 49 24
10 52 80
10 53 81
10 55 8
10 57 20
10 59 17
10 60 89
10 62 48
10 66 71
10 78 73
10 79 37
10 84 10
10 90 43
10 95 25
10 96 85
10 99 90
11 7 94
11 14 6
11 17 15
11 18 75
11 22 73
11 23 68
11 27 83
11 36 61
11 39 73
11 40 54
11 43 65
11 48 56
11 49 79
11 53 93
11 63 32
11 70 55
11 71 73
11 76 13
11 78 63
11 86 45
11 89 82
11 94 4
12 7 94
12 11 54
12 14 78
12 17 83
12 20 16
12 22 73
12 25 60
12 26 53
12 39 15
12 40 55
12 49 59
12 50 30
12 53 30
12 57 33
12 60 98
12 62 65
12 66 94
12 75 72
12 82 71
12 84 11
12 88 80
12 89 2
12 97 56
13 4 12
13 6 57
13 7 82
13 10 78
13 11 21
13 21 27
13 23 60
13 49 77
13 51 73
13 52 66
13 57 55
13 59 56
13 60 34
13 63 28
13 69 17
13 70 88
13 74 43
13 77 72
13 78 99
13 80 25
13 84 54
13 86 32
13 89 76
13 90 71
13 91 79
13 95 0
14 3 42
14 6 90
14 19 80
14 26 45
14 29 47
14 31 44
14 32 54
14 33 29
14 40 22
14 43 27
14 47 56
14 48 35
14 52 5
14 54 30
14 55 53
14 63 60
14 68 38
14 73 88
14 74 41
14 76 7
14 80 76
14 84 36
14 88 31
14 90 27
14 91 14
14 95 85
14 98 60
15 1 90
15 9 8
15 10 39
15 14 90
15 16 51
15 20 81
15 22 22
15 24 48
15 25 28
15 26 66
15 29 2
15 30 9
15 34 41
15 35 30
15 55 66
15 57 76
15 58 35
15 60 48
15 61 29
15 69 47
15 71 38
15 72 69
15 73 40
15 74 46
15 77 97
15 84 29
15 92 77
15 94 25
15 98 43
16 4 15
16 5 85
16 7 85
16 11 75
16 12 76
16 21 75
16 32 78
16 39 57
16 43 97
16 52 26
16 53 86
16 61 15
16 66 81
16 69 95
16 75 56
16 76 63
16 78 13
16 81 32
16 84 50
16 86 13
16 98 14
16 99 97
17 3 52
17 6 83
17 7 90
17 9 50
17 21 81
17 27 19
17 29 27
17 31 6
17 32 14
17 33 94
17 34 91
17 37 99
17 41 70
17 43 19
17 47 26
17 52 48
17 56 76
17 57 23
17 61 27
17 66 62
17 78 38
17 88 8
17 93 10
17 94 95
17 95 23
17 97 75
17 99 79
18 1 73
18 2 89
18 3 93
18 9 70
18 10 93
18 13 29
18 16 12
18 35 43
18 45 10
18 49 83
18 53 22
18 54 16
18 55 97
18 57 69
18 58 59
18 60 48
18 61 91
18 73 78
18 74 74
18 78 39
18 82 6
18 91 97
18 92 18
18 94 21
19 1 88
19 2 78
19 6 31
19 11 35
19 12 1
19 15 58
19 24 14
19 32 74
19 37 99
19 40 60
19 41 97
19 45 92
19 46 89
19 52 9
19 56 87
19 60 51
19 69 45
19 71 10
19 72 19
19 74 42
19 81 31
19 83 30
19 84 43
19 85 22
19 88 60
19 94 17
19 96 13
20 1 66
20 4 67
20 8 32
20 9 87
20 11 55
20 17 62
20 21 70
20 26 42
20 28 64
20 29 81
20 31 8
20 37 38
20 47 80
20 50 68
20 51 87
20 55 25
20 56 9
20 59 49
20 62 12
20 75 12
20 76 94
20 80 74
20 81 31
20 85 88
20 93 5
20 94 13
20 95 31
20 98 79
20 99 73
21 1 49
21 2 93
21 3 92
21 12 16
21 14 25
21 15 31
21 18 23
21 22 39
21 26 2
21 27 65
21 30 3
21 40 83
21 43 73
21 58 94
21 63 15
21 72 94
21 75 81
21 79 40
21 81 55
21 85 82
21 86 5
22 2 68
22 3 28
22 4 31
22 8 51
22 13 17
22 16 89
22 30 65
22 31 0
22 34 68
22 37 90
22 41 1
22 42 61
22 48 82
22 56 69
22 57 38
22 60 14
22 65 92
22 68 78
22 76 68
22 77 9
22 87 33
22 96 3
23 3 83
23 9 27
23 10 70
23 18 29
23 20 61
23 24 63
23 28 84
23 40 95
23 42 20
23 43 4
23 44 24
23 52 51
23 54 56
23 55 41
23 56 40
23 58 73
23 60 93
23 64 61
23 69 15
23 74 95
23 79 74
23 83 50
23 93 64
23 96 65
24 3 16
24 14 9
24 17 95
24 18 84
24 26 18
24 27 28
24 28 39
24 29 53
24 35 8
24 37 9
24 38 82
24 41 21
24 43 24
24 45 19
24 50 16
24 51 44
24 54 23
24 58 40
24 61 96
24 64 31
24 65 33
24 66 88
24 67 56
24 69 79
24 72 1
24 73 72
24 75 74
24 78 76
24 80 22
24 83 38
24 84 93
24 87 38
24 89 47
24 95 88
24 96 74
24 99 18
25 1 16
25 2 65
25 9 71
25 13 76
25 18 26
25 24 6
25 31 97
25 32 51
25 38 25
25 39 14
25 44 95
25 46 0
25 52 6
25 59 43
25 64 84
25 69 92
25 73 84
25 74 40
25 75 71
25 83 85
25 86 64
25 89 45
25 90 13
25 99 86
26 1 35
26 3 6
26 6 76
26 7 35
26 11 94
26 13 2
26 16 53
26 18 63
26 23 67
26 25 76
26 28 39
26 31 94
26 33 82
26 36 37
26 37 45
26 41 7
26 44 3
26 48 92
26 54 60
26 56 61
26 57 36
26 58 44
26 62 53
26 67 72
26 69 84
26 73 24
26 74 57
26 83 49
26 84 21
26 94 23
26 99 87
27 1 57
27 4 29
27 13 16
27 16 44
27 20 76
27 29 18
27 34 49
27 35 39
27 39 86
27 40 25
27 41 78
27 45 32
27 46 8
27 52 67
27 53 77
27 56 67
27 59 70
27 63 21
27 64 27
27 68 84
27 75 9
27 77 71
27 84 37
27 86 81
27 88 8
27 89 62
27 91 91
27 96 57
28 1 35
28 3 14
28 11 96
28 15 44
28 16 43
28 25 12
28 29 88
28 33 19
28 37 31
28 44 37
28 45 58
28 46 17
28 60 15
28 63 89
28 68 49
28 73 23
28 74 8
28 75 78
28 76 42
28 80 31
28 81 51
28 82 70
28 83 15
28 87 61
28 89 93
28 90 52
28 95 42
29 1 1
29 7 66
29 11 33
29 16 58
29 18 2
29 21 47
29 23 55
29 33 46
29 39 43
29 58 67
29 67 87
29 81 14
29 83 50
29 91 76
29 95 25
29 98 19
29 99 91
30 3 14
30 4 68
30 9 66
30 14 22
30 19 98
30 25 9
30 28 53
30 35 50
30 43 79
30 44 20
30 50 63
30 52 72
30 58 73
30 61 5
30 67 74
30 70 91
30 74 91
30 76 84
30 83 93
30 88 90
30 90 91
30 91 92
31 4 33
31 5 11
31 8 79
31 10 48
31 11 61
31 12 55
31 16 73
31 32 81
31 36 99
31 41 39
31 48 1
31 52 65
31 55 13
31 62 52
31 63 74
31 69 19
31 86 54
31 88 5
32 3 39
32 11 17
32 12 30
32 18 64
32 22 22
32 27 4
32 33 56
32 38 65
32 47 40
32 54 1
32 56 56
32 62 32
32 66 93
32 75 41
32 78 95
32 82 24
32 83 89
32 86 56
32 90 32
32 97 14
33 5 89
33 12 31
33 20 5
33 22 43
33 24 48
33 30 19
33 31 95
33 43 23
33 45 38
33 48 49
33 49 28
33 56 29
33 58 66
33 60 58
33 64 94
33 72 40
33 77 14
33 81 50
33 86 6
33 88 7
33 99 51
34 6 14
34 12 91
34 16 97
34 21 55
34 24 86
34 25 73
34 26 97
34 32 42
34 35 57
34 36 11
34 38 84
34 40 88
34 42 17
34 45 27
34 50 37
34 54 88
34 62 22
34 66 12
34 67 78
34 68 23
34 77 92
34 82 7
34 85 41
34 88 51
34 89 1
34 91 81
34 95 17
34 96 3
35 1 39
35 8 24
35 9 7
35 11 5
35 12 15
35 19 4
35 20 61
35 21 53
35 22 29
35 31 58
35 41 48
35 54 87
35 55 21
35 65 32
35 67 27
35 68 90
35 71 11
35 72 16
35 74 78
35 76 33
35 78 28
35 81 56
35 84 8
35 85 73
35 86 64
35 88 49
35 91 24
36 3 17
36 7 82
36 15 93
36 18 21
36 27 22
36 28 70
36 29 28
36 32 79
36 35 37
36 40 84
36 42 40
36 44 91
36 45 13
36 47 50
36 50 39
36 62 52
36 64 72
36 65 23
36 71 80
36 72 14
36 73 34
36 74 48
36 77 45
36 87 19
36 93 77
36 99 1
37 4 27
37 5 50
37 6 17
37 9 28
37 10 26
37 12 87
37 13 10
37 14 71
37 15 8
37 21 84
37 23 93
37 27 88
37 35 64
37 36 31
37 42 72
37 44 56
37 47 74
37 50 37
37 52 7
37 58 65
37 69 90
37 73 31
37 76 88
37 82 22
37 83 45
37 84 74
37 86 70
37 91 90
37 95 93
38 4 99
38 9 44
38 20 72
38 22 1
38 23 13
38 26 0
38 30 79
38 41 0
38 50 62
38 51 3
38 56 60
38 57 47
38 59 96
38 60 48
38 66 63
38 67 79
38 70 72
38 76 19
38 79 53
38 80 10
38 81 26
38 82 70
38 89 52
38 96 57
38 97 10
39 21 26
39 22 55
39 26 84
39 31 48
39 32 45
39 34 29
39 35 48
39 37 89
39 38 1
39 40 1
39 42 3
39 44 53
39 46 33
39 47 3
39 50 68
39 57 36
39 60 64
39 62 15
39 64 32
39 66 64
39 67 30
39 69 64
39 71 37
39 76 49
39 82 17
39 83 99
39 84 28
39 85 40
39 87 3
39 88 37
39 94 50
40 3 81
40 16 92
40 18 87
40 20 29
40 28 38
40 33 16
40 35 29
40 37 79
40 41 70
40 43 31
40 47 34
40 48 75
40 49 16
40 52 90
40 61 43
40 65 52
40 68 6
40 69 10
40 75 36
40 76 70
40 81 40
40 83 0
40 84 59
40 88 42
41 3 70
41 9 58
41 10 22
41 12 10
41 13 13
41 14 59
41 18 12
41 21 94
41 23 4
41 28 99
41 29 24
41 52 94
41 61 68
41 62 53
41 73 73
41 89 90
42 2 36
42 3 60
42 4 65
42 7 52
42 9 50
42 12 61
42 13 56
42 14 56
42 16 71
42 19 93
42 29 26
42 35 64
42 38 45
42 40 86
42 41 58
42 58 15
42 59 96
42 63 80
42 65 77
42 73 10
42 74 91
42 78 90
42 79 56
42 82 95
42 83 41
42 85 80
42 87 89
42 94 9
42 95 86
42 96 15
42 97 99
43 3 74
43 10 27
43 13 17
43 22 79
43 25 77
43 29 78
43 35 35
43 37 33
43 38 49
43 41 80
43 44 11
43 46 65
43 47 26
43 49 49
43 54 23
43 60 93
43 62 98
43 64 55
43 68 23
43 82 60
43 83 47
43 86 65
43 90 16
43 94 94
43 96 6
43 97 97
43 99 36
44 8 68
44 9 35
44 11 3
44 14 19
44 15 9
44 18 30
44 27 36
44 29 88
44 31 7
44 33 66
44 35 76
44 38 92
44 40 68
44 53 56
44 60 55
44 61 33
44 62 34
44 63 57
44 66 9
44 72 80
44 76 55
44 79 64
44 80 3
44 82 15
44 89 63
44 93 20
44 95 31
44 97 58
45 6 26
45 7 80
45 8 46
45 11 46
45 13 15
45 16 49
45 20 66
45 26 25
45 29 31
45 37 54
45 39 65
45 40 90
45 41 21
45 42 41
45 48 82
45 49 89
45 51 98
45 52 89
45 57 22
45 62 84
45 63 46
45 64 83
45 66 16
45 71 53
45 72 48
45 73 19
45 74 20
45 77 63
45 79 91
45 82 52
45 83 21
45 84 70
45 89 84
45 93 19
45 98 16
46 1 0
46 4 68
46 6 34
46 7 77
46 10 51
46 11 89
46 12 42
46 14 41
46 17 62
46 23 84
46 24 75
46 35 51
46 37 34
46 48 65
46 54 25
46 55 18
46 67 63
46 71 61
46 79 35
46 85 69
46 86 9
46 88 6
46 90 89
46 92 72
46 94 50
46 96 93
46 97 46
47 11 20
47 12 78
47 15 65
47 16 36
47 21 78
47 22 86
47 23 23
47 26 55
47 27 37
47 28 64
47 29 97
47 31 79
47 42 26
47 45 33
47 53 6
47 57 29
47 63 67
47 67 71
47 72 6
47 82 38
47 85 87
47 90 67
47 91 25
47 95 56
47 96 28
47 97 31
47 99 45
48 13 53
48 17 81
48 23 39
48 25 51
48 29 53
48 30 17
48 32 68
48 34 90
48 37 47
48 41 54
48 43 65
48 47 2
48 54 44
48 56 29
48 59 51
48 60 75
48 61 7
48 62 85
48 65 81
48 66 36
48 71 4
48 77 5
48 79 94
48 82 42
48 84 92
48 85 14
48 87 67
48 88 0
48 94 42
49 4 51
49 6 45
49 9 95
49 20 84
49 21 36
49 22 98
49 24 38
49 25 53
49 26 67
49 28 80
49 31 52
49 32 73
49 35 45
49 41 54
49 48 17
49 50 26
49 56 58
49 70 44
49 72 33
49 78 95
49 79 78
49 83 21
49 84 99
49 89 83
49 93 15
49 95 94
50 5 27
50 8 81
50 9 61
50 11 27
50 22 24
50 27 64
50 28 24
50 31 71
50 41 1
50 45 61
50 48 70
50 52 39
50 56 66
50 57 37
50 59 71
50 62 19
50 68 10
50 70 68
50 77 25
50 78 80
50 80 94
50 88 35
50 89 76
50 91 79
50 98 30
51 1 54
51 3 52
51 6 82
51 7 89
51 8 19
51 9 76
51 12 68
51 18 1
51 21 89
51 26 47
51 29 25
51 33 54
51 34 24
51 35 48
51 37 55
51 39 85
51 40 18
51 41 46
51 44 3
51 46 7
51 47 69
51 48 22
51 57 70
51 60 37
51 63 0
51 67 2
51 69 83
51 71 35
51 83 78
51 85 14
51 94 66
52 4 85
52 11 66
52 15 0
52 20 26
52 22 85
52 26 76
52 42 47
52 43 38
52 46 65
52 48 94
52 51 15
52 58 71
52 59 18
52 64 64
52 65 78
52 66 55
52 67 34
52 70 24
52 74 59
52 76 42
52 77 45
52 78 33
52 79 12
52 88 82
52 90 85
52 91 14
52 92 17
52 94 21
52 95 44
53 5 31
53 13 39
53 19 29
53 23 49
53 25 39
53 33 8
53 42 87
53 48 15
53 51 55
53 70 25
53 71 32
53 73 1
53 86 41
53 87 4
53 89 72
53 90 5
53 98 34
54 9 27
54 11 39
54 13 11
54 15 38
54 16 33
54 17 56
54 20 24
54 21 97
54 22 91
54 27 9
54 37 63
54 40 8
54 44 82
54 47 8
54 49 92
54 53 21
54 61 89
54 62 41
54 66 12
54 67 97
54 70 28
54 74 27
54 76 4
54 77 6
54 78 12
54 79 6
54 81 47
54 83 68
54 86 78
54 89 4
54 90 2
54 92 57
54 93 95
55 1 13
55 3 48
55 6 29
55 7 70
55 8 72
55 16 26
55 19 61
55 21 33
55 28 90
55 32 21
55 34 16
55 36 50
55 37 13
55 45 89
55 47 39
55 48 7
55 49 2
55 51 89
55 52 35
55 62 81
55 64 93
55 66 93
55 71 93
55 77 99
55 78 40
55 79 13
55 85 29
55 88 96
55 92 16
55 98 87
56 3 92
56 4 81
56 7 35
56 8 73
56 10 3
56 18 59
56 24 99
56 30 64
56 37 92
56 42 41
56 52 38
56 61 60
56 70 43
56 72 3
56 74 50
56 80 83
56 84 10
56 94 52
56 97 24
57 1 98
57 7 33
57 9 17
57 11 91
57 19 79
57 21 69
57 23 84
57 33 92
57 34 98
57 42 80
57 44 60
57 48 37
57 49 72
57 52 42
57 55 72
57 60 45
57 67 45
57 69 31
57 72 97
57 73 62
57 77 76
57 78 90
57 84 52
57 86 36
57 87 86
57 94 55
58 2 86
58 3 21
58 5 66
58 12 90
58 13 45
58 17 64
58 20 76
58 25 14
58 32 7
58 35 7
58 43 83
58 44 91
58 45 99
58 49 34
58 54 72
58 56 12
58 57 71
58 60 96
58 62 6
58 73 96
58 74 94
58 76 3
58 79 79
58 80 43
58 81 17
58 82 55
58 86 85
58 88 69
58 89 44
58 90 71
58 95 77
59 2 30
59 18 92
59 22 43
59 23 73
59 28 37
59 35 59
59 36 49
59 39 52
59 43 66
59 47 56
59 56 87
59 57 10
59 58 7
59 67 21
59 68 82
59 70 71
59 78 93
59 81 30
59 86 77
59 88 89
59 91 24
59 95 33
59 99 20
60 4 67
60 5 50
60 6 76
60 7 5
60 16 72
60 20 20
60 21 76
60 26 49
60 29 2
60 31 69
60 35 44
60 41 75
60 42 58
60 49 55
60 53 24
60 65 62
60 66 21
60 68 32
60 69 2
60 71 31
60 78 40
60 81 23
60 92 65
60 93 11
60 94 68
60 96 96
60 98 41
61 4 9
61 11 72
61 21 74
61 22 30
61 26 92
61 33 24
61 34 58
61 36 97
61 38 48
61 42 78
61 52 73
61 53 97
61 63 32
61 66 94
61 69 93
61 73 8
61 77 5
61 79 48
61 80 84
61 81 19
61 86 22
61 88 17
61 90 21
61 91 5
61 93 9
61 94 45
61 99 71
62 3 72
62 9 65
62 15 19
62 21 13
62 22 75
62 24 43
62 25 87
62 28 5
62 29 35
62 33 64
62 46 63
62 49 32
62 52 64
62 60 93
62 64 58
62 71 62
62 80 25
62 97 4
63 2 7
63 5 85
63 6 61
63 8 56
63 9 22
63 12 81
63 15 30
63 17 91
63 19 2
63 22 35
63 24 0
63 25 99
63 29 58
63 30 24
63 33 65
63 38 29
63 39 90
63 58 92
63 60 73
63 67 29
63 74 49
63 75 8
63 87 93
63 89 64
63 94 93
63 97 58
63 99 57
64 2 3
64 3 72
64 5 34
64 7 59
64 8 31
64 9 72
64 16 21
64 29 39
64 32 94
64 35 2
64 44 69
64 46 85
64 73 56
64 80 5
64 86 37
64 87 56
64 88 15
64 91 13
64 93 73
64 94 45
64 97 3
64 98 65
64 99 18
65 2 33
65 11 66
65 12 78
65 13 78
65 16 30
65 17 71
65 18 88
65 23 39
65 25 26
65 26 12
65 28 73
65 33 86
65 38 44
65 47 97
65 55 59
65 57 83
65 66 43
65 71 13
65 80 53
65 90 80
65 94 69
65 96 10
65 97 69
65 99 77
66 3 25
66 6 83
66 8 2
66 18 70
66 20 86
66 23 19
66 26 40
66 27 71
66 31 85
66 33 19
66 35 50
66 37 15
66 40 42
66 43 38
66 49 54
66 51 69
66 53 51
66 64 80
66 79 7
66 80 95
66 81 77
66 92 66
66 95 30
66 99 73
67 1 31
67 7 35
67 9 53
67 13 0
67 17 45
67 21 23
67 28 30
67 36 23
67 43 6
67 71 32
67 72 93
67 81 44
67 90 52
67 91 34
68 2 16
68 3 37
68 9 5
68 11 66
68 13 53
68 16 47
68 32 56
68 42 59
68 45 16
68 49 59
68 54 91
68 56 75
68 63 6
68 64 69
68 65 93
68 76 37
68 80 94
68 83 24
68 87 72
68 89 47
68 98 25
69 1 70
69 3 70
69 9 7
69 10 93
69 12 28
69 14 39
69 21 38
69 22 73
69 30 43
69 33 24
69 42 41
69 52 81
69 54 81
69 55 59
69 56 86
69 58 29
69 59 15
69 62 97
69 64 45
69 70 75
69 71 89
69 74 73
69 76 33
69 78 10
69 79 66
69 81 70
69 85 4
69 88 91
69 92 95
69 97 51
70 4 68
70 7 17
70 14 74
70 15 75
70 18 62
70 19 2
70 23 66
70 25 52
70 27 27
70 28 10
70 33 77
70 36 20
70 42 43
70 43 58
70 47 79
70 58 81
70 62 39
70 65 47
70 66 78
70 68 37
70 71 74
70 74 67
70 77 10
70 80 7
70 81 77
70 88 76
70 91 30
70 95 33
71 9 19
71 22 25
71 25 85
71 31 87
71 32 42
71 33 11
71 43 14
71 44 4
71 52 13
71 54 33
71 58 56
71 63 93
71 64 95
71 68 85
71 82 13
71 84 38
71 89 96
71 95 45
72 4 19
72 6 35
72 10 92
72 11 49
72 13 72
72 18 66
72 26 17
72 27 34
72 28 25
72 29 46
72 39 63
72 41 55
72 43 80
72 52 82
72 61 80
72 62 17
72 64 22
72 68 74
72 69 28
72 71 88
72 81 30
72 85 93
72 88 21
72 90 39
72 94 38
72 97 16
72 98 76
73 2 52
73 9 6
73 17 72
73 21 97
73 23 77
73 30 60
73 34 41
73 43 27
73 44 84
73 46 59
73 47 96
73 49 71
73 50 84
73 62 94
73 67 34
73 68 40
73 69 74
73 70 16
73 87 72
73 92 43
73 93 90
73 96 99
73 98 23
73 99 79
74 2 29
74 3 69
74 8 0
74 17 20
74 27 7
74 29 69
74 31 97
74 34 11
74 50 75
74 51 21
74 53 8
74 61 53
74 65 33
74 66 1
74 68 32
74 71 70
74 77 60
74 79 28
74 82 41
74 83 45
74 88 22
75 13 75
75 15 37
75 17 49
75 30 91
75 38 9
75 42 44
75 46 82
75 52 60
75 57 68
75 61 13
75 62 42
75 68 37
75 69 13
75 71 62
75 72 96
75 73 34
75 74 59
75 80 8
75 81 10
76 7 33
76 12 68
76 17 15
76 18 66
76 24 70
76 33 47
76 34 36
76 42 30
76 43 27
76 45 77
76 48 27
76 53 49
76 55 4
76 57 64
76 60 50
76 61 48
76 62 26
76 64 95
76 73 82
76 74 86
76 75 15
76 87 95
76 90 28
76 98 52
77 1 60
77 3 91
77 4 0
77 5 95
77 6 2
77 9 8
77 12 57
77 16 35
77 24 77
77 25 24
77 37 54
77 44 99
77 46 23
77 47 90
77 49 29
77 51 50
77 58 20
77 59 57
77 63 51
77 66 24
77 76 73
77 81 2
77 82 24
77 83 99
77 85 49
77 86 6
77 88 86
77 94 64
77 95 1
78 1 66
78 2 68
78 6 62
78 19 9
78 22 68
78 25 9
78 26 12
78 27 77
78 30 66
78 31 99
78 33 6
78 36 90
78 38 53
78 47 5
78 56 13
78 61 96
78 67 86
78 68 15
78 74 68
78 75 95
78 76 66
78 81 44
78 82 69
78 88 68
78 93 69
78 94 68
79 2 69
79 18 75
79 19 6
79 25 33
79 27 29
79 32 25
79 33 1
79 35 91
79 40 34
79 47 70
79 50 52
79 51 98
79 53 99
79 62 18
79 72 98
79 80 57
79 92 60
79 95 3
80 1 14
80 2 25
80 9 99
80 15 0
80 18 92
80 19 19
80 22 96
80 30 58
80 32 64
80 42 17
80 51 79
80 52 33
80 55 37
80 67 48
80 71 60
80 73 44
80 77 82
80 81 89
80 90 21
80 94 35
80 97 80
80 99 55
81 5 57
81 8 32
81 10 54
81 34 8
81 36 2
81 39 4
81 44 65
81 45 14
81 47 7
81 50 79
81 57 91
81 68 59
81 71 32
81 74 83
81 76 78
81 84 80
81 88 94
81 89 42
81 91 97
81 97 73
81 98 75
81 99 86
82 8 73
82 13 36
82 14 30
82 15 7
82 17 77
82 21 3
82 23 43
82 30 58
82 31 59
82 46 0
82 51 42
82 55 65
82 57 9
82 61 97
82 62 69
82 63 26
82 66 63
82 67 76
82 68 58
82 70 55
82 75 87
82 81 42
82 87 90
82 89 66
82 94 22
83 6 84
83 9 8
83 11 71
83 22 9
83 33 36
83 34 57
83 36 83
83 47 24
83 50 40
83 56 90
83 58 1
83 59 43
83 61 33
83 70 11
83 71 54
83 78 86
83 79 6
83 87 19
83 89 47
83 98 55
84 1 88
84 18 25
84 20 18
84 23 17
84 36 83
84 42 25
84 47 4
84 61 77
84 62 16
84 65 22
84 69 99
84 73 0
84 77 31
84 79 22
84 95 10
84 97 19
85 2 32
85 6 93
85 7 95
85 10 24
85 12 35
85 13 96
85 15 67
85 18 21
85 25 60
85 26 74
85 40 59
85 41 66
85 43 93
85 45 6
85 49 21
85 54 34
85 57 83
85 63 91
85 64 51
85 66 19
85 68 17
85 71 7
85 73 96
85 76 33
85 78 30
85 84 48
85 89 85
85 90 13
85 91 70
85 92 47
85 93 32
85 96 54
85 97 92
86 2 79
86 4 78
86 14 28
86 17 27
86 18 46
86 20 49
86 23 87
86 36 20
86 39 8
86 41 5
86 49 65
86 51 66
86 55 78
86 62 99
86 67 49
86 71 70
86 72 2
86 74 68
86 75 39
86 79 62
86 82 17
86 83 72
86 84 92
86 88 65
86 91 9
86 94 57
86 97 35
87 1 57
87 10 41
87 14 90
87 17 49
87 21 20
87 27 68
87 29 77
87 32 47
87 33 66
87 35 78
87 38 87
87 43 38
87 49 38
87 50 92
87 55 56
87 58 4
87 59 71
87 61 55
87 66 6
87 71 93
87 72 10
87 85 26
87 90 32
87 99 72
88 4 43
88 7 56
88 9 16
88 10 8
88 11 65
88 16 73
88 22 96
88 25 22
88 26 14
88 28 38
88 36 72
88 38 86
88 49 58
88 57 1
88 62 33
88 75 25
88 90 80
88 93 20
88 94 15
88 98 18
89 6 65
89 10 71
89 14 75
89 20 88
89 22 79
89 26 81
89 31 81
89 32 89
89 39 7
89 47 65
89 48 13
89 52 3
89 57 73
89 59 29
89 62 11
89 65 38
89 70 54
89 74 59
89 78 13
89 84 20
89 87 97
89 88 37
89 96 6
90 12 56
90 18 38
90 19 39
90 29 33
90 31 18
90 33 12
90 34 0
90 39 89
90 48 77
90 56 72
90 66 64
90 68 65
90 69 3
90 83 45
90 86 98
90 89 44
90 95 4
91 6 63
91 8 9
91 12 59
91 15 88
91 20 90
91 21 23
91 23 26
91 25 44
91 26 82
91 28 91
91 33 64
91 36 32
91 43 28
91 44 22
91 48 88
91 56 67
91 57 61
91 58 73
91 66 37
91 71 25
91 72 73
91 74 26
91 76 2
91 77 97
91 79 90
91 93 19
91 95 0
91 97 87
91 99 17
92 5 96
92 10 44
92 11 32
92 17 5
92 19 3
92 23 72
92 25 95
92 27 26
92 28 99
92 30 91
92 37 61
92 40 42
92 44 55
92 45 93
92 47 71
92 48 77
92 50 33
92 53 38
92 59 91
92 61 6
92 62 75
92 64 68
92 68 79
92 72 54
92 76 23
92 83 29
93 1 44
93 4 42
93 7 81
93 10 84
93 18 12
93 19 78
93 26 28
93 29 96
93 33 35
93 34 31
93 35 69
93 51 83
93 52 10
93 66 20
93 67 74
93 71 71
93 72 62
93 76 82
93 77 64
93 80 85
93 86 11
93 94 49
94 1 23
94 8 54
94 9 55
94 13 51
94 14 23
94 16 86
94 22 5
94 23 46
94 30 15
94 33 1
94 34 40
94 37 97
94 41 85
94 53 4
94 59 27
94 68 13
94 70 53
94 74 14
94 79 97
94 91 74
94 95 97
94 96 7
94 97 94
94 98 72
95 5 30
95 22 8
95 36 54
95 41 46
95 45 94
95 51 65
95 56 95
95 57 69
95 60 72
95 61 50
95 62 72
95 63 95
95 64 88
95 67 29
95 73 93
95 76 4
95 82 31
95 83 85
95 85 53
95 86 68
95 88 42
95 97 32
95 98 34
95 99 95
96 2 46
96 7 31
96 21 69
96 26 96
96 28 90
96 29 15
96 35 68
96 37 20
96 39 75
96 49 74
96 50 18
96 52 21
96 54 91
96 56 13
96 63 91
96 69 63
96 70 15
96 79 63
96 81 10
96 86 3
96 92 93
96 93 55
97 3 59
97 6 76
97 11 41
97 13 64
97 14 44
97 16 83
97 22 96
97 25 78
97 26 30
97 27 95
97 29 61
97 30 99
97 33 91
97 36 51
97 37 66
97 39 11
97 40 23
97 48 41
97 49 37
97 57 41
97 67 63
97 71 80
97 73 6
97 75 6
97 76 96
97 87 73
97 99 21
98 1 58
98 4 77
98 8 66
98 9 14
98 12 88
98 13 42
98 17 55
98 21 53
98 23 39
98 26 90
98 27 1
98 31 69
98 36 20
98 40 96
98 41 31
98 43 71
98 47 39
98 48 34
98 49 37
98 51 2
98 52 10
98 54 30
98 57 91
98 59 3
98 63 45
98 67 72
98 69 10
98 70 51
98 82 20
98 84 83
98 89 73
98 93 78
98 96 12
98 97 39
