0 11 0
0 15 13
0 16 23
0 20 62
0 21 85
0 23 84
0 24 84
0 27 13
0 31 95
0 34 54
0 36 78
0 42 79
0 44 90
0 46 68
1 2 81
1 3 25
1 15 13
1 19 54
1 24 91
1 30 79
1 32 39
1 33 54
1 39 52
1 40 81
1 44 32
1 46 42
2 6 13
2 7 71
2 9 80
2 11 66
2 19 19
2 22 80
2 23 79
2 30 95
2 31 94
2 32 16
2 33 79
3 6 30
3 8 29
3 9 26
3 13 84
3 20 60
3 21 5
3 24 27
3 30 28
3 35 87
3 37 52
3 41 94
4 2 93
4 5 96
4 10 73
4 11 84
4 13 50
4 22 25
4 30 65
4 31 34
4 32 19
4 37 31
4 46 5
4 47 51
5 7 97
5 12 77
5 13 31
5 22 28
5 23 72
5 24 25
5 26 44
5 30 3
5 31 7
5 34 25
5 35 30
5 36 91
5 37 85
5 41 87
5 44 70
5 47 66
5 49 74
6 9 23
6 12 60
6 15 19
6 19 19
6 21 85
6 23 3
6 25 69
6 31 62
6 32 21
6 33 55
6 34 33
6 37 4
6 40 60
6 43 84
6 44 1
6 45 89
6 46 15
6 47 81
6 48 13
7 4 92
7 26 77
7 28 17
7 29 99
7 31 2
7 39 99
7 48 42
8 11 40
8 12 86
8 14 13
8 16 6
8 25 13
8 27 88
8 34 18
8 35 32
8 37 7
8 38 3
8 42 36
8 47 28
8 48 65
9 1 9
9 5 83
9 11 98
9 18 13
9 20 95
9 22 34
9 24 66
9 32 85
9 33 49
9 35 47
9 47 98
9 49 93
10 1 24
10 3 67
10 6 44
10 9 78
10 12 66
10 14 38
10 21 18
10 28 53
10 29 3
10 33 76
10 36 66
10 42 91
10 45 94
10 49 50
11 5 50
11 7 97
11 15 38
11 23 78
11 28 14
11 29 47
11 35 61
11 36 64
11 37 60
11 40 9
11 42 98
11 46 26
11 49 94
12 2 99
12 9 25
12 17 44
12 20 44
12 24 49
12 25 12
12 27 40
12 28 80
12 30 78
12 31 79
12 35 98
12 37 83
12 42 34
12 43 27
12 44 1
12 45 78
12 49 21
13 2 52
13 6 28
13 8 71
13 9 42
13 12 7
13 22 85
13 26 90
13 27 20
13 32 2
13 34 50
13 35 29
13 36 52
13 38 29
13 39 75
13 43 52
14 2 54
14 3 20
14 4 48
14 5 56
14 9 84
14 19 89
14 29 36
14 33 14
14 48 20
15 4 86
15 5 50
15 8 54
15 19 13
15 21 51
15 22 32
15 23 87
15 31 55
15 32 61
15 35 58
15 37 98
15 40 20
15 41 95
15 43 40
15 47 92
16 1 97
16 4 90
16 5 74
16 7 50
16 9 71
16 12 1
16 15 54
16 21 26
16 26 73
16 29 2
16 31 34
16 33 57
16 34 91
16 35 22
16 37 72
16 38 11
16 44 60
16 48 74
16 49 18
17 1 74
17 2 25
17 7 50
17 11 13
17 14 33
17 21 63
17 29 71
17 47 83
17 48 35
18 2 66
18 3 23
18 4 28
18 7 16
18 13 65
18 14 54
18 15 18
18 17 37
18 22 55
18 23 72
18 29 15
18 35 29
18 36 26
18 39 1
18 40 86
18 46 18
18 47 23
18 49 10
19 3 81
19 5 83
19 11 84
19 12 99
19 16 9
19 17 62
19 20 2
19 23 22
19 26 47
19 27 17
19 28 45
19 34 30
19 43 53
19 44 64
19 48 5
20 7 33
20 8 32
20 10 70
20 13 87
20 14 50
20 15 59
20 23 42
20 26 74
20 27 74
20 34 23
20 37 0
20 39 75
20 43 62
20 46 70
20 49 50
21 2 24
21 5 4
21 20 86
21 23 61
21 24 55
21 31 95
21 36 75
21 37 57
21 45 70
21 47 22
22 1 75
22 10 15
22 12 4
22 14 80
22 16 31
22 26 9
22 27 13
22 29 63
22 40 31
22 48 52
23 1 13
23 8 91
23 9 46
23 10 39
23 14 17
23 16 70
23 28 40
23 29 45
23 34 32
23 38 62
23 39 95
23 40 8
23 46 66
24 10 81
24 11 69
24 17 22
24 25 29
24 32 44
24 33 31
24 39 99
24 42 66
24 43 58
24 49 66
25 3 22
25 4 38
25 5 50
25 9 83
25 14 3
25 15 13
25 16 15
25 21 55
25 22 79
25 23 58
25 36 2
25 37 18
25 40 75
25 49 72
26 2 10
26 3 72
26 21 56
26 23 73
26 34 68
26 40 64
26 41 91
26 43 1
26 45 86
26 48 65
27 4 30
27 10 30
27 11 97
27 16 81
27 25 49
27 26 7
27 28 0
27 29 71
27 31 98
27 32 50
27 33 7
27 36 1
27 42 63
27 46 22
28 1 9
28 2 94
28 3 32
28 5 11
28 8 13
28 15 59
28 16 35
28 22 23
28 26 32
28 32 43
28 34 48
28 38 52
28 43 59
28 44 40
28 46 53
29 1 45
29 3 5
29 4 36
29 9 28
29 13 54
29 20 69
29 25 77
29 28 14
29 32 21
29 33 0
29 34 12
29 37 71
29 39 7
29 42 65
29 49 87
30 8 81
30 13 26
30 17 81
30 25 13
30 27 37
30 29 46
30 35 73
30 36 24
30 41 22
30 43 5
31 1 19
31 3 70
31 11 57
31 14 79
31 20 62
31 26 62
31 28 24
31 30 20
31 38 50
31 41 52
31 44 74
31 47 20
32 20 81
32 21 40
32 26 41
32 34 34
32 37 4
32 45 65
33 4 41
33 5 22
33 11 4
33 19 75
33 21 48
33 22 85
33 25 40
33 26 38
33 28 84
33 35 13
33 38 14
33 42 6
33 43 70
33 44 34
33 49 28
34 1 79
34 4 13
34 11 91
34 14 94
34 17 89
34 21 11
34 22 44
34 33 94
34 38 37
34 43 16
35 7 27
35 24 30
35 34 58
35 37 61
35 40 34
35 42 75
35 45 55
35 46 56
36 1 79
36 2 30
36 12 57
36 17 16
36 20 70
36 23 95
36 26 0
36 28 36
36 32 9
36 34 58
37 7 6
37 9 95
37 17 87
37 18 38
37 23 8
37 27 30
37 30 32
37 31 50
37 36 41
37 39 76
37 42 44
38 2 30
38 3 93
38 9 71
38 12 60
38 17 3
38 19 85
38 20 95
38 21 30
38 25 40
38 26 3
38 29 9
38 48 70
39 6 12
39 8 25
39 9 92
39 17 7
39 26 78
39 28 28
39 30 69
39 32 88
39 35 87
39 38 64
39 44 75
39 48 25
40 3 25
40 7 57
40 9 9
40 10 75
40 13 98
40 21 37
40 24 71
40 28 81
40 32 30
40 36 94
40 37 41
40 39 85
40 43 79
40 49 88
41 9 15
41 11 19
41 14 44
41 19 76
41 21 41
41 22 56
41 23 54
41 24 86
41 25 16
41 29 32
41 32 66
41 36 37
41 48 20
42 4 53
42 5 1
42 6 48
42 7 30
42 13 78
42 16 5
42 18 91
42 21 5
42 23 56
42 25 29
42 28 76
42 39 37
42 40 11
42 43 23
42 45 30
43 1 97
43 14 2
43 16 71
43 21 64
43 22 74
43 23 67
43 32 41
43 35 67
43 41 23
44 9 95
44 15 5
44 22 91
44 23 79
44 25 72
44 26 28
44 29 51
44 30 77
44 34 82
44 41 51
44 42 60
44 43 60
44 46 57
44 48 51
45 1 18
45 9 65
45 14 80
45 20 46
45 22 54
45 27 92
45 28 69
45 30 36
45 31 41
45 33 24
45 34 7
45 39 57
45 49 50
46 3 74
46 10 98
46 13 17
46 21 50
46 24 45
46 29 75
46 30 93
46 33 24
46 34 47
46 36 22
46 37 28
46 39 76
47 2 4
47 14 79
47 25 36
47 27 16
47 33 88
47 35 40
47 41 34
47 48 53
47 49 72
48 3 33
48 4 7
48 12 16
48 21 2
48 25 96
48 31 9
48 37 26
48 42 3
48 45 67
